File ADT# Time#1       Time#2       Time#3      Ignore
File1 1   0.247927     0.237935     0.228682     0      
File2 1   118.727     118.96     118.267     0      
File3 1   0.188259     0.191375     0.203741     0      
File4 1   69.6127     74.4231     74.0165     1e-06      
File1 2   0.208019     0.218045     0.21892     0      
File2 2   516.801     526.188     504.465     0      
File3 2   0.213273     0.194962     0.230403     1e-06      
File4 2   254.855     314.637     314.387     0      
File1 3   0.167221     0.152444     0.151162     0      
File2 3   0.160636     0.15736     0.153193     0      
File3 3   0.165733     0.152112     0.150704     1e-06      
File4 3   0.189296     0.178042     0.170548     0      
File1 4   0.222843     0.221513     0.215405     0      
File2 4   0.224138     0.187046     0.184377     1e-06      
File3 4   0.200513     0.187172     0.183881     1e-06      
File4 4   0.208965     0.206827     0.210781     0      
File1 5   0.166513     0.157565     0.155132     0      
File2 5   0.169481     0.154049     0.158458     0      
File3 5   0.164239     0.167064     0.158647     1e-06      
File4 5   0.188287     0.183034     0.175098     0      
File1 6   0.409317     0.417575     0.417882     0      
File2 6   0.351483     0.35327     0.367668     1e-06      
File3 6   0.411538     0.401069     0.387207     0      
File4 6   0.888552     0.893476     0.8566     0      
